371.03994695592576, 2.0141103197544474
377.49091098727536, 2.0622001370801915
380.7033554846977, 2.1265682271955173
387.1491045087463, 2.1907873171022434
393.5948535327949, 2.255006407008969
400.84632118484967, 2.327252883154036
408.9061149685609, 2.399462109246952
416.98937628512675, 2.3990896087254514
426.6892898650058, 2.398642608099651
435.5965223351312, 2.349845039783055
446.93394820752746, 2.2848064487290274
459.89324135053783, 2.2035640849897185
476.0754090055725, 2.154431266203772
489.824775754686, 2.1296041064457483
503.5663199928479, 2.128970855559197
519.740665136931, 2.1040319456447234
537.518625026075, 2.1193417170784032
552.0684953958935, 2.1186712161397017
572.2844711982596, 2.0935460559644774
592.5004470006257, 2.0684208957892536
616.7502309503233, 2.0673033942247514
638.5906815269541, 2.017909825073754
663.6487916083081, 2.016755073457102
679.8074917304883, 2.040203981285573
691.116235062729, 2.0638763894269445
700.026075036505, 2.007014184819858
