370.30162412993036, 1.7272700143985793
375.17401392111367, 1.6869651822949694
381.6705336426914, 1.7109317298438536
388.1670533642691, 1.7509754478107442
396.28770301624127, 1.8150976193851134
404.4083526682134, 1.8792197909594823
415.7772621809745, 1.9191516028677793
425.52204176334106, 1.9591207167956073
438.51508120649646, 1.9990152266843726
451.5081206496519, 2.038909736573138
462.06496519721577, 2.119053125536216
474.245939675174, 2.175043456852754
486.4269141531322, 2.2390723733782947
497.7958236658933, 2.311158526122604
509.9767981438515, 2.3269559313941257
525.4060324825986, 2.3185629769995746
538.399071925754, 2.2941488052163144
552.2041763341067, 2.2456002267962787
566.0092807424594, 2.2211674040032525
581.4385150812064, 2.1886586939816923
599.3039443155452, 2.1641326161398378
614.7331786542923, 2.16377824695429
626.9141531322505, 2.1634984818078054
640.7192575406032, 2.131027073805776
656.1484918793503, 2.090479778575212
671.5777262180975, 2.066009653762655
686.1948955916473, 2.105866861631889
694.3155452436195, 2.0976417663252294
700, 2.057318283211853
